0	2	theta
-(1/Sqrt[5])	0	0	0	0
0	2	epsilon
0	-(1/Sqrt[5])	0	0	0
0	2	xi
0	0	-(1/Sqrt[5])	0	0
0	2	eta
0	0	0	-(1/Sqrt[5])	0
0	2	zeta
0	0	0	0	-(1/Sqrt[5])
1	1	theta
1/Sqrt[10]	0	0
0	1/Sqrt[10]	0
0	0	-Sqrt[2/5]
1	1	epsilon
-Sqrt[3/10]	0	0
0	Sqrt[3/10]	0
0	0	0
1	1	xi
0	0	0
0	0	-Sqrt[3/10]
0	-Sqrt[3/10]	0
1	1	eta
0	0	-Sqrt[3/10]
0	0	0
-Sqrt[3/10]	0	0
1	1	zeta
0	-Sqrt[3/10]	0
-Sqrt[3/10]	0	0
0	0	0
1	2	theta
0	0	Sqrt[3/10]	0	0
0	0	0	-Sqrt[3/10]	0
0	0	0	0	0
1	2	epsilon
0	0	1/Sqrt[10]	0	0
0	0	0	1/Sqrt[10]	0
0	0	0	0	-Sqrt[2/5]
1	2	xi
-Sqrt[3/10]	-(1/Sqrt[10])	0	0	0
0	0	0	0	-(1/Sqrt[10])
0	0	0	1/Sqrt[10]	0
1	2	eta
0	0	0	0	1/Sqrt[10]
Sqrt[3/10]	-(1/Sqrt[10])	0	0	0
0	0	-(1/Sqrt[10])	0	0
1	2	zeta
0	0	0	-(1/Sqrt[10])	0
0	0	1/Sqrt[10]	0	0
0	Sqrt[2/5]	0	0	0
1	3	theta
0	0	0	0	-Sqrt[6/35]	0	0
0	0	0	0	0	-Sqrt[6/35]	0
0	0	0	0	0	0	-3/Sqrt[35]
1	3	epsilon
-Sqrt[3/14]	0	0	0	1/Sqrt[70]	0	0
0	-Sqrt[3/14]	0	0	0	-(1/Sqrt[70])	0
0	0	-(1/Sqrt[7])	0	0	0	0
1	3	xi
0	0	0	-(1/Sqrt[7])	0	0	0
0	0	1/Sqrt[7]	0	0	0	Sqrt[3/35]
0	0	0	0	0	-2*Sqrt[2/35]	0
1	3	eta
0	0	-(1/Sqrt[7])	0	0	0	Sqrt[3/35]
0	0	0	-(1/Sqrt[7])	0	0	0
0	0	0	0	-2*Sqrt[2/35]	0	0
1	3	zeta
0	-Sqrt[3/14]	0	0	0	1/Sqrt[70]	0
Sqrt[3/14]	0	0	0	1/Sqrt[70]	0	0
0	0	0	-(1/Sqrt[7])	0	0	0
2	1	theta
0	0	0
0	0	0
-(1/Sqrt[2])	0	0
0	1/Sqrt[2]	0
0	0	0
2	1	epsilon
0	0	0
0	0	0
-(1/Sqrt[6])	0	0
0	-(1/Sqrt[6])	0
0	0	Sqrt[2/3]
2	1	xi
1/Sqrt[2]	0	0
1/Sqrt[6]	0	0
0	0	0
0	0	-(1/Sqrt[6])
0	1/Sqrt[6]	0
2	1	eta
0	-(1/Sqrt[2])	0
0	1/Sqrt[6]	0
0	0	1/Sqrt[6]
0	0	0
-(1/Sqrt[6])	0	0
2	1	zeta
0	0	0
0	0	-Sqrt[2/3]
0	-(1/Sqrt[6])	0
1/Sqrt[6]	0	0
0	0	0
2	2	theta
-Sqrt[2/7]	0	0	0	0
0	Sqrt[2/7]	0	0	0
0	0	-(1/Sqrt[14])	0	0
0	0	0	-(1/Sqrt[14])	0
0	0	0	0	Sqrt[2/7]
2	2	epsilon
0	Sqrt[2/7]	0	0	0
Sqrt[2/7]	0	0	0	0
0	0	Sqrt[3/14]	0	0
0	0	0	-Sqrt[3/14]	0
0	0	0	0	0
2	2	xi
0	0	-(1/Sqrt[14])	0	0
0	0	Sqrt[3/14]	0	0
-(1/Sqrt[14])	Sqrt[3/14]	0	0	0
0	0	0	0	-Sqrt[3/14]
0	0	0	-Sqrt[3/14]	0
2	2	eta
0	0	0	-(1/Sqrt[14])	0
0	0	0	-Sqrt[3/14]	0
0	0	0	0	-Sqrt[3/14]
-(1/Sqrt[14])	-Sqrt[3/14]	0	0	0
0	0	-Sqrt[3/14]	0	0
2	2	zeta
0	0	0	0	Sqrt[2/7]
0	0	0	0	0
0	0	0	-Sqrt[3/14]	0
0	0	-Sqrt[3/14]	0	0
Sqrt[2/7]	0	0	0	0
2	3	theta
0	0	0	0	0	0	0
0	0	0	Sqrt[5/14]	0	0	0
0	0	0	0	-(1/Sqrt[7])	0	0
0	0	0	0	0	1/Sqrt[7]	0
0	0	-Sqrt[5/14]	0	0	0	0
2	3	epsilon
0	0	0	-Sqrt[5/14]	0	0	0
0	0	0	0	0	0	0
Sqrt[5/7]/2	0	0	0	Sqrt[3/7]/2	0	0
0	-Sqrt[5/7]/2	0	0	0	Sqrt[3/7]/2	0
0	0	0	0	0	0	-(1/Sqrt[14])
2	3	xi
0	0	0	0	1/Sqrt[7]	0	0
-Sqrt[5/7]/2	0	0	0	-Sqrt[3/7]/2	0	0
0	0	0	0	0	0	0
0	0	0	0	0	0	-Sqrt[2/7]
0	-Sqrt[5/7]/2	0	0	0	-Sqrt[3/7]/2	0
2	3	eta
0	0	0	0	0	-(1/Sqrt[7])	0
0	Sqrt[5/7]/2	0	0	0	-Sqrt[3/7]/2	0
0	0	0	0	0	0	Sqrt[2/7]
0	0	0	0	0	0	0
-Sqrt[5/7]/2	0	0	0	Sqrt[3/7]/2	0	0
2	3	zeta
0	0	Sqrt[5/14]	0	0	0	0
0	0	0	0	0	0	1/Sqrt[14]
0	Sqrt[5/7]/2	0	0	0	Sqrt[3/7]/2	0
Sqrt[5/7]/2	0	0	0	-Sqrt[3/7]/2	0	0
0	0	0	0	0	0	0
3	1	theta
0	0	0
0	0	0
0	0	0
0	0	0
-Sqrt[2/5]	0	0
0	-Sqrt[2/5]	0
0	0	-Sqrt[3/5]
3	1	epsilon
-(1/Sqrt[2])	0	0
0	-(1/Sqrt[2])	0
0	0	-(1/Sqrt[3])
0	0	0
1/Sqrt[30]	0	0
0	-(1/Sqrt[30])	0
0	0	0
3	1	xi
0	0	0
0	0	0
0	1/Sqrt[3]	0
-(1/Sqrt[3])	0	0
0	0	0
0	0	-2*Sqrt[2/15]
0	1/Sqrt[5]	0
3	1	eta
0	0	0
0	0	0
-(1/Sqrt[3])	0	0
0	-(1/Sqrt[3])	0
0	0	-2*Sqrt[2/15]
0	0	0
1/Sqrt[5]	0	0
3	1	zeta
0	1/Sqrt[2]	0
-(1/Sqrt[2])	0	0
0	0	0
0	0	-(1/Sqrt[3])
0	1/Sqrt[30]	0
1/Sqrt[30]	0	0
0	0	0
3	2	theta
0	0	0	0	0
0	0	0	0	0
0	0	0	0	1/Sqrt[2]
0	-(1/Sqrt[2])	0	0	0
0	0	1/Sqrt[5]	0	0
0	0	0	-(1/Sqrt[5])	0
0	0	0	0	0
3	2	epsilon
0	0	-1/2	0	0
0	0	0	1/2	0
0	0	0	0	0
1/Sqrt[2]	0	0	0	0
0	0	-Sqrt[3/5]/2	0	0
0	0	0	-Sqrt[3/5]/2	0
0	0	0	0	1/Sqrt[10]
3	2	xi
0	1/2	0	0	0
0	0	0	0	1/2
0	0	0	0	0
0	0	0	0	0
-(1/Sqrt[5])	Sqrt[3/5]/2	0	0	0
0	0	0	0	Sqrt[3/5]/2
0	0	0	Sqrt[2/5]	0
3	2	eta
0	0	0	0	1/2
0	-1/2	0	0	0
0	0	0	0	0
0	0	0	0	0
0	0	0	0	-Sqrt[3/5]/2
1/Sqrt[5]	Sqrt[3/5]/2	0	0	0
0	0	-Sqrt[2/5]	0	0
3	2	zeta
0	0	0	-1/2	0
0	0	-1/2	0	0
-(1/Sqrt[2])	0	0	0	0
0	0	0	0	0
0	0	0	Sqrt[3/5]/2	0
0	0	-Sqrt[3/5]/2	0	0
0	-(1/Sqrt[10])	0	0	0
3	3	theta
Sqrt[5/3]/2	0	0	0	0	0	0
0	Sqrt[5/3]/2	0	0	0	0	0
0	0	0	0	0	0	0
0	0	0	0	0	0	0
0	0	0	0	-Sqrt[3/5]/2	0	0
0	0	0	0	0	-Sqrt[3/5]/2	0
0	0	0	0	0	0	-2/Sqrt[15]
3	3	epsilon
0	0	0	0	1/(2*Sqrt[3])	0	0
0	0	0	0	0	1/(2*Sqrt[3])	0
0	0	0	0	0	0	1/Sqrt[3]
0	0	0	0	0	0	0
1/(2*Sqrt[3])	0	0	0	-(1/Sqrt[5])	0	0
0	1/(2*Sqrt[3])	0	0	0	1/Sqrt[5]	0
0	0	1/Sqrt[3]	0	0	0	0
3	3	xi
0	0	0	Sqrt[5/6]/2	0	0	0
0	0	-Sqrt[5/6]/2	0	0	0	0
0	-Sqrt[5/6]/2	0	0	0	1/(2*Sqrt[2])	0
Sqrt[5/6]/2	0	0	0	-1/(2*Sqrt[2])	0	0
0	0	0	-1/(2*Sqrt[2])	0	0	0
0	0	1/(2*Sqrt[2])	0	0	0	-(1/Sqrt[30])
0	0	0	0	0	-(1/Sqrt[30])	0
3	3	eta
0	0	-Sqrt[5/6]/2	0	0	0	0
0	0	0	-Sqrt[5/6]/2	0	0	0
-Sqrt[5/6]/2	0	0	0	-1/(2*Sqrt[2])	0	0
0	-Sqrt[5/6]/2	0	0	0	-1/(2*Sqrt[2])	0
0	0	-1/(2*Sqrt[2])	0	0	0	-(1/Sqrt[30])
0	0	0	-1/(2*Sqrt[2])	0	0	0
0	0	0	0	-(1/Sqrt[30])	0	0
3	3	zeta
0	0	0	0	0	-1/(2*Sqrt[3])	0
0	0	0	0	1/(2*Sqrt[3])	0	0
0	0	0	0	0	0	0
0	0	0	0	0	0	1/Sqrt[3]
0	1/(2*Sqrt[3])	0	0	0	-(1/Sqrt[5])	0
-1/(2*Sqrt[3])	0	0	0	-(1/Sqrt[5])	0	0
0	0	0	1/Sqrt[3]	0	0	0
4	2	theta
0	0	0	0	0
0	0	0	0	0
0	0	0	0	0
0	0	0	0	0
0	-Sqrt[3/14]	0	0	0
0	0	0	0	-Sqrt[3/14]
0	0	0	-Sqrt[3/7]	0
0	0	-Sqrt[3/7]	0	0
-3*Sqrt[2/35]	0	0	0	0
4	2	epsilon
0	-(1/Sqrt[2])	0	0	0
0	0	0	0	-(1/Sqrt[2])
0	0	0	-1/2	0
0	0	-1/2	0	0
-Sqrt[3/14]	0	0	0	0
0	0	0	0	0
0	0	0	1/(2*Sqrt[7])	0
0	0	-1/(2*Sqrt[7])	0	0
0	-(1/Sqrt[70])	0	0	0
4	2	xi
0	0	0	0	0
0	0	0	0	0
0	0	0	0	1/2
0	-1/2	0	0	0
0	0	Sqrt[2/7]	0	0
0	0	0	-Sqrt[2/7]	0
0	0	0	0	1/(2*Sqrt[7])
-Sqrt[3/7]	-1/(2*Sqrt[7])	0	0	0
0	0	2*Sqrt[2/35]	0	0
4	2	eta
0	0	0	0	0
0	0	0	0	0
0	-1/2	0	0	0
0	0	0	0	-1/2
0	0	0	-Sqrt[2/7]	0
0	0	-Sqrt[2/7]	0	0
-Sqrt[3/7]	1/(2*Sqrt[7])	0	0	0
0	0	0	0	1/(2*Sqrt[7])
0	0	0	2*Sqrt[2/35]	0
4	2	zeta
0	0	0	0	1/Sqrt[2]
0	-(1/Sqrt[2])	0	0	0
0	0	1/2	0	0
0	0	0	-1/2	0
0	0	0	0	0
-Sqrt[3/14]	0	0	0	0
0	0	1/(2*Sqrt[7])	0	0
0	0	0	1/(2*Sqrt[7])	0
0	0	0	0	-(1/Sqrt[70])
4	3	theta
0	0	0	0	0	0	0
0	0	0	0	0	0	0
0	3/(2*Sqrt[5])	0	0	0	0	0
-3/(2*Sqrt[5])	0	0	0	0	0	0
0	0	0	2*Sqrt[3/35]	0	0	0
0	0	-2*Sqrt[3/35]	0	0	0	0
0	0	0	0	0	Sqrt[3/7]/2	0
0	0	0	0	-Sqrt[3/7]/2	0	0
0	0	0	0	0	0	0
4	3	epsilon
0	0	0	-(1/Sqrt[5])	0	0	0
0	0	1/Sqrt[5]	0	0	0	0
0	0	0	0	0	-1/2	0
0	0	0	0	1/2	0	0
0	0	0	0	0	0	0
0	0	0	0	0	0	Sqrt[3/7]
0	Sqrt[3/35]/2	0	0	0	-(1/Sqrt[7])	0
-Sqrt[3/35]/2	0	0	0	-(1/Sqrt[7])	0	0
0	0	0	1/Sqrt[7]	0	0	0
4	3	xi
Sqrt[3/10]	0	0	0	0	0	0
0	Sqrt[3/10]	0	0	0	0	0
0	0	1/(2*Sqrt[10])	0	0	0	0
0	0	0	1/(2*Sqrt[10])	0	0	0
(3*Sqrt[3/70])/2	0	0	0	-1/(2*Sqrt[14])	0	0
0	(3*Sqrt[3/70])/2	0	0	0	-1/(2*Sqrt[14])	0
0	0	Sqrt[7/10]/2	0	0	0	-Sqrt[3/14]
0	0	0	Sqrt[7/10]/2	0	0	0
0	0	0	0	Sqrt[5/14]	0	0
4	3	eta
0	Sqrt[3/10]	0	0	0	0	0
-Sqrt[3/10]	0	0	0	0	0	0
0	0	0	1/(2*Sqrt[10])	0	0	0
0	0	-1/(2*Sqrt[10])	0	0	0	0
0	(-3*Sqrt[3/70])/2	0	0	0	-1/(2*Sqrt[14])	0
(3*Sqrt[3/70])/2	0	0	0	1/(2*Sqrt[14])	0	0
0	0	0	-Sqrt[7/10]/2	0	0	0
0	0	Sqrt[7/10]/2	0	0	0	Sqrt[3/14]
0	0	0	0	0	-Sqrt[5/14]	0
4	3	zeta
0	0	-(1/Sqrt[5])	0	0	0	0
0	0	0	-(1/Sqrt[5])	0	0	0
0	0	0	0	-1/2	0	0
0	0	0	0	0	-1/2	0
0	0	0	0	0	0	-Sqrt[3/7]
0	0	0	0	0	0	0
-Sqrt[3/35]/2	0	0	0	1/Sqrt[7]	0	0
0	-Sqrt[3/35]/2	0	0	0	-(1/Sqrt[7])	0
0	0	-(1/Sqrt[7])	0	0	0	0
4	6	theta
0	0	0	0	-3/Sqrt[143]	0	0	0	0	0	0	0	0
0	0	0	0	0	-3/Sqrt[143]	0	0	0	0	0	0	0
0	0	0	0	0	0	-6*Sqrt[3/715]	0	0	0	0	0	0
0	0	0	0	0	0	0	-6*Sqrt[3/715]	0	0	0	0	0
0	0	0	0	0	0	0	0	-2*Sqrt[42/715]	0	0	0	0
0	0	0	0	0	0	0	0	0	-2*Sqrt[42/715]	0	0	0
0	0	0	0	0	0	0	0	0	0	-Sqrt[42/143]	0	0
0	0	0	0	0	0	0	0	0	0	0	-Sqrt[42/143]	0
0	0	0	0	0	0	0	0	0	0	0	0	-3*Sqrt[5/143]
4	6	epsilon
-3/Sqrt[26]	0	0	0	0	0	0	0	-(1/Sqrt[1430])	0	0	0	0
0	-3/Sqrt[26]	0	0	0	0	0	0	0	-(1/Sqrt[1430])	0	0	0
0	0	-Sqrt[3/13]	0	0	0	0	0	0	0	-(1/Sqrt[286])	0	0
0	0	0	-Sqrt[3/13]	0	0	0	0	0	0	0	-(1/Sqrt[286])	0
0	0	0	0	-Sqrt[21/143]	0	0	0	0	0	0	0	-Sqrt[3/143]
0	0	0	0	0	-Sqrt[21/143]	0	0	0	0	0	0	0
0	0	0	0	0	0	-3*Sqrt[7/715]	0	0	0	Sqrt[7/286]	0	0
0	0	0	0	0	0	0	-3*Sqrt[7/715]	0	0	0	-Sqrt[7/286]	0
0	0	0	0	0	0	0	0	-Sqrt[14/143]	0	0	0	0
4	6	xi
0	0	0	-Sqrt[3/26]	0	0	0	-3/Sqrt[1430]	0	0	0	0	0
0	0	Sqrt[3/26]	0	0	0	3/Sqrt[1430]	0	0	0	0	0	0
0	0	0	0	0	-2*Sqrt[6/143]	0	0	0	-4/Sqrt[715]	0	0	0
0	0	0	0	2*Sqrt[6/143]	0	0	0	4/Sqrt[715]	0	0	0	0
0	0	0	0	0	0	0	-3*Sqrt[14/715]	0	0	0	-Sqrt[7/143]	0
0	0	0	0	0	0	3*Sqrt[14/715]	0	0	0	Sqrt[7/143]	0	0
0	0	0	0	0	0	0	0	0	-4*Sqrt[7/715]	0	0	0
0	0	0	0	0	0	0	0	4*Sqrt[7/715]	0	0	0	2*Sqrt[6/143]
0	0	0	0	0	0	0	0	0	0	0	-Sqrt[35/143]	0
4	6	eta
0	0	-Sqrt[3/26]	0	0	0	3/Sqrt[1430]	0	0	0	0	0	0
0	0	0	-Sqrt[3/26]	0	0	0	3/Sqrt[1430]	0	0	0	0	0
0	0	0	0	-2*Sqrt[6/143]	0	0	0	4/Sqrt[715]	0	0	0	0
0	0	0	0	0	-2*Sqrt[6/143]	0	0	0	4/Sqrt[715]	0	0	0
0	0	0	0	0	0	-3*Sqrt[14/715]	0	0	0	Sqrt[7/143]	0	0
0	0	0	0	0	0	0	-3*Sqrt[14/715]	0	0	0	Sqrt[7/143]	0
0	0	0	0	0	0	0	0	-4*Sqrt[7/715]	0	0	0	2*Sqrt[6/143]
0	0	0	0	0	0	0	0	0	-4*Sqrt[7/715]	0	0	0
0	0	0	0	0	0	0	0	0	0	-Sqrt[35/143]	0	0
4	6	zeta
0	-3/Sqrt[26]	0	0	0	0	0	0	0	1/Sqrt[1430]	0	0	0
3/Sqrt[26]	0	0	0	0	0	0	0	-(1/Sqrt[1430])	0	0	0	0
0	0	0	-Sqrt[3/13]	0	0	0	0	0	0	0	1/Sqrt[286]	0
0	0	Sqrt[3/13]	0	0	0	0	0	0	0	-(1/Sqrt[286])	0	0
0	0	0	0	0	-Sqrt[21/143]	0	0	0	0	0	0	0
0	0	0	0	Sqrt[21/143]	0	0	0	0	0	0	0	-Sqrt[3/143]
0	0	0	0	0	0	0	-3*Sqrt[7/715]	0	0	0	Sqrt[7/286]	0
0	0	0	0	0	0	3*Sqrt[7/715]	0	0	0	Sqrt[7/286]	0	0
0	0	0	0	0	0	0	0	0	-Sqrt[14/143]	0	0	0
5	3	theta
0	0	0	0	0	0	0
0	0	0	0	0	0	0
0	0	0	0	0	0	0
0	0	0	0	0	0	0
-Sqrt[2/15]	0	0	0	0	0	0
0	-Sqrt[2/15]	0	0	0	0	0
0	0	-Sqrt[3/10]	0	0	0	0
0	0	0	-Sqrt[3/10]	0	0	0
0	0	0	0	-Sqrt[3/7]	0	0
0	0	0	0	0	-Sqrt[3/7]	0
0	0	0	0	0	0	-Sqrt[10/21]
5	3	epsilon
-(1/Sqrt[2])	0	0	0	0	0	0
0	-(1/Sqrt[2])	0	0	0	0	0
0	0	-Sqrt[3/10]	0	0	0	0
0	0	0	-Sqrt[3/10]	0	0	0
0	0	0	0	-(1/Sqrt[6])	0	0
0	0	0	0	0	-(1/Sqrt[6])	0
0	0	0	0	0	0	-(1/Sqrt[6])
0	0	0	0	0	0	0
-1/(2*Sqrt[105])	0	0	0	1/(2*Sqrt[7])	0	0
0	-1/(2*Sqrt[105])	0	0	0	-1/(2*Sqrt[7])	0
0	0	-(1/Sqrt[42])	0	0	0	0
5	3	xi
0	0	0	0	0	0	0
0	0	0	0	0	0	0
0	1/Sqrt[5]	0	0	0	0	0
-(1/Sqrt[5])	0	0	0	0	0	0
0	0	0	2/Sqrt[15]	0	0	0
0	0	-2/Sqrt[15]	0	0	0	0
0	1/(2*Sqrt[15])	0	0	0	1/2	0
-1/(2*Sqrt[15])	0	0	0	-1/2	0	0
0	0	0	Sqrt[2/35]	0	0	0
0	0	-Sqrt[2/35]	0	0	0	-2*Sqrt[2/21]
0	0	0	0	0	Sqrt[5/21]	0
5	3	eta
0	0	0	0	0	0	0
0	0	0	0	0	0	0
-(1/Sqrt[5])	0	0	0	0	0	0
0	-(1/Sqrt[5])	0	0	0	0	0
0	0	-2/Sqrt[15]	0	0	0	0
0	0	0	-2/Sqrt[15]	0	0	0
1/(2*Sqrt[15])	0	0	0	-1/2	0	0
0	1/(2*Sqrt[15])	0	0	0	-1/2	0
0	0	Sqrt[2/35]	0	0	0	-2*Sqrt[2/21]
0	0	0	Sqrt[2/35]	0	0	0
0	0	0	0	Sqrt[5/21]	0	0
5	3	zeta
0	1/Sqrt[2]	0	0	0	0	0
-(1/Sqrt[2])	0	0	0	0	0	0
0	0	0	Sqrt[3/10]	0	0	0
0	0	-Sqrt[3/10]	0	0	0	0
0	0	0	0	0	1/Sqrt[6]	0
0	0	0	0	-(1/Sqrt[6])	0	0
0	0	0	0	0	0	0
0	0	0	0	0	0	-(1/Sqrt[6])
0	-1/(2*Sqrt[105])	0	0	0	1/(2*Sqrt[7])	0
1/(2*Sqrt[105])	0	0	0	1/(2*Sqrt[7])	0	0
0	0	0	-(1/Sqrt[42])	0	0	0
5	6	theta
0	0	0	Sqrt[55/182]	0	0	0	0	0	0	0	0	0
0	0	-Sqrt[55/182]	0	0	0	0	0	0	0	0	0	0
0	0	0	0	0	4*Sqrt[2/91]	0	0	0	0	0	0	0
0	0	0	0	-4*Sqrt[2/91]	0	0	0	0	0	0	0	0
0	0	0	0	0	0	0	9*Sqrt[3/910]	0	0	0	0	0
0	0	0	0	0	0	-9*Sqrt[3/910]	0	0	0	0	0	0
0	0	0	0	0	0	0	0	0	8/Sqrt[455]	0	0	0
0	0	0	0	0	0	0	0	-8/Sqrt[455]	0	0	0	0
0	0	0	0	0	0	0	0	0	0	0	1/Sqrt[26]	0
0	0	0	0	0	0	0	0	0	0	-(1/Sqrt[26])	0	0
0	0	0	0	0	0	0	0	0	0	0	0	0
5	6	epsilon
0	0	0	0	0	0	0	1/Sqrt[182]	0	0	0	0	0
0	0	0	0	0	0	-(1/Sqrt[182])	0	0	0	0	0	0
0	-Sqrt[11/91]	0	0	0	0	0	0	0	3/Sqrt[455]	0	0	0
Sqrt[11/91]	0	0	0	0	0	0	0	-3/Sqrt[455]	0	0	0	0
0	0	0	-Sqrt[33/182]	0	0	0	0	0	0	0	2/Sqrt[91]	0
0	0	Sqrt[33/182]	0	0	0	0	0	0	0	-2/Sqrt[91]	0	0
0	0	0	0	0	-3*Sqrt[2/91]	0	0	0	0	0	0	0
0	0	0	0	3*Sqrt[2/91]	0	0	0	0	0	0	0	-Sqrt[2/13]
0	0	0	0	0	0	0	-2*Sqrt[3/65]	0	0	0	Sqrt[3/26]	0
0	0	0	0	0	0	2*Sqrt[3/65]	0	0	0	Sqrt[3/26]	0	0
0	0	0	0	0	0	0	0	0	-2/Sqrt[13]	0	0	0
5	6	xi
-Sqrt[55/182]	0	0	0	-Sqrt[15/91]/2	0	0	0	0	0	0	0	0
0	-Sqrt[55/182]	0	0	0	-Sqrt[15/91]/2	0	0	0	0	0	0	0
0	0	-Sqrt[33/91]/2	0	0	0	-Sqrt[13/35]/2	0	0	0	0	0	0
0	0	0	-Sqrt[33/91]/2	0	0	0	-Sqrt[13/35]/2	0	0	0	0	0
0	0	0	0	-Sqrt[3/91]/2	0	0	0	-11/Sqrt[910]	0	0	0	0
0	0	0	0	0	-Sqrt[3/91]/2	0	0	0	-11/Sqrt[910]	0	0	0
0	0	0	0	0	0	Sqrt[3/455]	0	0	0	-3*Sqrt[3/182]	0	0
0	0	0	0	0	0	0	Sqrt[3/455]	0	0	0	-3*Sqrt[3/182]	0
0	0	0	0	0	0	0	0	Sqrt[3/65]	0	0	0	-Sqrt[7/26]
0	0	0	0	0	0	0	0	0	Sqrt[3/65]	0	0	0
0	0	0	0	0	0	0	0	0	0	Sqrt[5/26]	0	0
5	6	eta
0	Sqrt[55/182]	0	0	0	-Sqrt[15/91]/2	0	0	0	0	0	0	0
-Sqrt[55/182]	0	0	0	Sqrt[15/91]/2	0	0	0	0	0	0	0	0
0	0	0	Sqrt[33/91]/2	0	0	0	-Sqrt[13/35]/2	0	0	0	0	0
0	0	-Sqrt[33/91]/2	0	0	0	Sqrt[13/35]/2	0	0	0	0	0	0
0	0	0	0	0	Sqrt[3/91]/2	0	0	0	-11/Sqrt[910]	0	0	0
0	0	0	0	-Sqrt[3/91]/2	0	0	0	11/Sqrt[910]	0	0	0	0
0	0	0	0	0	0	0	-Sqrt[3/455]	0	0	0	-3*Sqrt[3/182]	0
0	0	0	0	0	0	Sqrt[3/455]	0	0	0	3*Sqrt[3/182]	0	0
0	0	0	0	0	0	0	0	0	-Sqrt[3/65]	0	0	0
0	0	0	0	0	0	0	0	Sqrt[3/65]	0	0	0	Sqrt[7/26]
0	0	0	0	0	0	0	0	0	0	0	-Sqrt[5/26]	0
5	6	zeta
0	0	0	0	0	0	1/Sqrt[182]	0	0	0	0	0	0
0	0	0	0	0	0	0	1/Sqrt[182]	0	0	0	0	0
Sqrt[11/91]	0	0	0	0	0	0	0	3/Sqrt[455]	0	0	0	0
0	Sqrt[11/91]	0	0	0	0	0	0	0	3/Sqrt[455]	0	0	0
0	0	Sqrt[33/182]	0	0	0	0	0	0	0	2/Sqrt[91]	0	0
0	0	0	Sqrt[33/182]	0	0	0	0	0	0	0	2/Sqrt[91]	0
0	0	0	0	3*Sqrt[2/91]	0	0	0	0	0	0	0	Sqrt[2/13]
0	0	0	0	0	3*Sqrt[2/91]	0	0	0	0	0	0	0
0	0	0	0	0	0	2*Sqrt[3/65]	0	0	0	-Sqrt[3/26]	0	0
0	0	0	0	0	0	0	2*Sqrt[3/65]	0	0	0	Sqrt[3/26]	0
0	0	0	0	0	0	0	0	2/Sqrt[13]	0	0	0	0