#J, P, E(J,P)
0 1
-149.514095703258	-122.588759575854	-97.09557087687598	-94.34139730801499	-82.636269022593	-75.24493800681	-66.3418363608	-59.85217217425163	-52.368286079941726
1 1
-196.20780033426	-153.87289336461902	-132.302824290351	-127.97885661131998	-121.189568156943	-109.735531647885	-105.26820387068699	-98.76449188791901	-96.990337415829	-90.60168612409198
2 1
-151.28987556625802	-129.185441563035	-125.336503614036	-110.145543881802	-103.722257629848	-98.728142270472	-95.52819898350299	-88.952502764268
3 1
-154.422081833877	-135.693625540473	-128.34961720452299	-123.06221983040699	-109.97449696662	-104.776303302099	-101.144600769927	-99.424777251657	-92.71213620711899	-88.023460439343
4 1
-161.12445824346298	-142.233484183791	-123.4314019471104	-112.198874306376	-111.1335421229748	-99.63487664447459	-93.37060932818189	-91.1210312260248	-86.9059635601443	-83.2732782429834
5 1
-132.167694298926	-114.09189295861499	-96.314443836039	-92.430566677449	-87.979308697566	-82.397985351396	-77.35033400437199	-73.659005165889	-71.495524565751	-68.547362141544
6 1
-94.36614060532229	-81.0976286845296	-76.23514553981039	-75.2189751456	-68.8614846308961	-60.1033230473247	-57.3906225983376	-54.5463428621826
7 1
-88.9612226455524	-76.6098726571464	-68.6360088912927	-60.3029609605566	-52.8936469098609
8 1
-98.8025150133021	-80.2434180553005	-62.29931090774819	-50.050762083936895	-45.377796295817696
0 -1
-113.346211837716	-89.22255718662
1 -1
-160.47599062466398	-137.64103688907	-117.71993891915399	-104.309733291621	-99.714608875167	-96.80004691371299	-94.820637308826	-92.42818277078099	-90.09575090630399
2 -1
-188.066025715425	-158.761607020731	-135.615993721494	-123.771311802567	-117.50807299545599	-114.68027120206798	-106.322863620831	-103.52041209853199	-101.34115937946	-96.62512063304099	-93.91511554339199
3 -1
-164.703675774924	-146.774511722553	-123.936966412116	-116.344302154509	-114.232824392973	-105.732041463906	-102.23685056742299	-101.39628901888199	-99.17323009308001	-94.158346924356
4 -1
-126.64113120814582	-117.29930545241336	-107.46303881195453	-103.69609168776	-96.59173951003433	-91.02978825710483	-88.29144690572778
5 -1
-123.19690909293338	-110.12510333518121	-103.45451683553415	-93.41141944354077	-85.6026744202773	-84.07667564742303	-79.16405375811074	-74.94131341522254	-74.43991093163625
6 -1
-131.73560792365544	-113.07962297690916	-95.16219913919862	-86.583960715691	-81.49010215456967	-74.82826427872223	-66.01524891097422	-64.33455336732996	-60.92950480711809	-58.492075918320324
7 -1
-96.6656111675354	-78.45949033579372	-60.492934244885994	-51.83840646866739	-46.55955117468369	-45.24730542173127
